-40.649881 -5.625519 48.965695 
39.378432 -7.954026 50.253594 
-20.446193 34.661628 39.051022 
19.897956 31.063252 40.807160 
-18.558689 45.470688 -16.838230 
16.495042 46.311340 -17.528223 
-35.434249 32.349982 32.319018 
35.597068 32.705020 31.043562 
-32.636632 48.566803 -13.286639 
31.166936 50.842262 -14.362585 
-50.448338 11.844592 16.408097 
48.207576 14.380317 18.959703 
-47.581850 28.916459 10.974789 
48.333528 29.262399 11.186194 
-37.984259 28.772931 -15.119897 
39.225638 30.527941 -14.894557 
-49.157391 -9.476706 12.099723 
50.645930 -7.258056 12.792513 
-7.325541 5.217220 59.083729 
6.616550 0.588366 59.695063 
-10.063135 13.205740 -13.954084 
8.439089 14.128834 -13.781770 
-6.800755 48.701488 27.350367 
7.098657 50.368536 26.613912 
-7.176267 52.347345 -11.076111 
6.159289 50.028393 -10.716075 
-7.083576 35.069161 -21.340711 
6.355747 33.642568 -21.202562 
-37.127470 5.392189 1.046238 
37.017204 5.061027 -0.204956 
-6.036824 34.422502 10.897760 
6.456801 36.037165 12.786782 
-7.474746 -14.915346 39.877207 
6.021897 -8.828490 37.936830 
-6.805376 -43.553763 23.675538 
5.475885 -42.551243 20.867747 
-26.549859 -22.478517 -11.677419 
27.644199 -21.456050 -11.842596 
-22.476070 -17.909218 -22.302735 
24.074693 -17.053447 -22.052894 
-25.268898 -2.667051 -19.141373 
25.319084 -1.361323 -19.502799 
-8.145329 -79.732268 6.615707 
14.993757 -74.149570 9.434882 
-6.946608 -80.714722 27.329757 
12.469492 -79.849183 28.345960 
-15.617824 -68.974132 -4.848512 
15.284289 -68.184159 -4.051610 
-17.560763 -84.783068 28.371156 
23.138141 -81.216900 30.782472 
-33.434719 -81.544476 16.243241 
36.366382 -80.377035 19.533442 
-37.377754 -79.994027 -7.723520 
37.164795 -83.402902 -7.379432 
-32.175746 -42.339768 -21.224767 
32.938777 -41.067603 -21.104990 
-44.462333 -22.645033 47.395177 
39.431548 -25.235238 51.204004 
-25.416954 -59.277929 58.506388 
24.115468 -58.725294 61.652513 
-44.780405 -45.815411 45.816285 
44.460938 -46.291314 48.648769 
-57.785599 -34.229146 29.256514 
55.608690 -31.660831 33.410276 
-45.860983 -61.105903 35.205892 
43.660474 -60.052729 38.393184 
-9.041130 -56.018025 47.441638 
8.190615 -56.127307 43.236005 
-9.629308 -24.614063 68.716807 
5.479027 -30.892671 67.024780 
-13.469462 9.888267 6.798151 
12.837259 11.003275 6.955914 
-25.921564 2.643001 0.231400 
25.783657 3.849148 0.310876 
-19.749453 -1.070398 -1.794053 
19.200640 -0.824497 -1.771938 
-12.850218 -18.567540 6.265909 
10.994764 -18.554498 6.430509 
-43.977323 -19.884403 8.294801 
43.858544 -18.147651 8.852349 
-55.143356 -21.865706 5.585872 
56.167155 -22.836525 5.381231 
-41.870454 13.187524 -22.806805 
46.242680 12.963682 -19.273179 
-56.923263 -35.264947 -3.403837 
56.163720 -38.554879 -2.418281 
-38.307358 12.437124 -36.719231 
42.225016 12.539299 -34.607120 
-50.859579 -30.104799 -24.545533 
52.634920 -32.942280 -23.469559 
